ISS.EarthMJ2000Eq.X       ISS.EarthMJ2000Eq.Y       ISS.EarthMJ2000Eq.Z       ISS.EarthMJ2000Eq.VX      ISS.EarthMJ2000Eq.VY      ISS.ElapsedSecs           Spacecraft1.EarthMJ2000Eq.X   Spacecraft1.EarthMJ2000Eq.Y   Spacecraft1.EarthMJ2000Eq.Z   Spacecraft1.EarthMJ2000Eq.VX   Spacecraft1.EarthMJ2000Eq.VY   Spacecraft1.EarthMJ2000Eq.VZ   Spacecraft1.ElapsedSecs   Spacecraft2.EarthMJ2000Eq.X   Spacecraft2.EarthMJ2000Eq.Y   Spacecraft2.EarthMJ2000Eq.Z   Spacecraft2.EarthMJ2000Eq.VX   Spacecraft2.EarthMJ2000Eq.VY   Spacecraft2.EarthMJ2000Eq.VZ   Spacecraft2.ElapsedSecs   Spacecraft3.EarthMJ2000Eq.X   Spacecraft3.EarthMJ2000Eq.Y   Spacecraft3.EarthMJ2000Eq.Z   Spacecraft3.EarthMJ2000Eq.VX   Spacecraft3.EarthMJ2000Eq.VY   Spacecraft3.EarthMJ2000Eq.VZ   Spacecraft3.ElapsedSecs   
5187.056986224973         4352.457604036907         -1.299732926506281e-12    -3.064889592472937        3.652593182734229         0                         1964.155499791291             6175.00651265897              1839.940607230725             -5.09912640094302              -0.07984680685478063           5.807213956716488              0                         5066.784207671944             4501.636467097513             92.83750180576544             -3.218763359164821             3.498778565191433              6.017405444782301              0                         -3299.09931554754             -3012.247716945235            5387.045561208572             2.636126822943653              -6.775665310345833             -2.027250667945002             0                         
4991.30519285958          4561.374956637483         360.673154613238          -3.457652060345799        3.308633098752306         59.99999988125637         1653.835509307979             6155.720672851279             2183.767200726981             -5.240800955672796             -0.5626840934681618            5.649198863630933              59.99999988125637         4862.121740856529             4701.020187553787             453.3887265303834             -3.600694178270666             3.144790924246128              5.996333919330382              59.99999988125637         -3134.162784823475            -3412.224574427553            5254.232689993626             2.859746183044588              -6.552364332548368             -2.398134879315138             59.99999988125637         
4430.414559991556         4974.37057855532          1214.68429807056          -4.330070179143715        2.425676137118894         203.7254423950799         881.7656999701893             5992.559034737856             2962.64839113235              -5.478664822898059             -1.702134500355678             5.165117225536575              203.7254423950799         4282.669517512196             5088.922698052236             1305.400173607191             -4.444810967840715             2.241142131864465              5.833523747404613              203.7254423950799         -2687.484897039098            -4309.635464290885            4848.249192354809             3.343110678901085              -5.911369527263752             -3.239155880268805             203.7254423950799         
3674.820150923008         5277.110654738796         2119.921832840146         -5.15955437382078         1.376574735332517         362.5405096099712         2.008615042729836             5625.832688643354             3729.937624538244             -5.570050309391949             -2.902740596595985             4.471574763802169              362.5405096099712         3511.539754939594             5360.91998450502              2205.756071475019             -5.240025026445614             1.175009465525742              5.474270251502403              362.5405096099712         -2120.329111640779            -5181.762048425073            4266.170396479797             3.781536966948352              -5.046062804355961             -4.072477684122664             362.5405096099712         
2788.060198037599         5409.868918794406         2967.045801142978         -5.829534444654764        0.268736024223121         523.4809660585597         -889.4791697531232            5067.312533071885             4383.103784124383             -5.477587257041983             -4.017720506919634             3.623244265343706              523.4809660585597         2614.765615510723             5460.288492835447             3045.311501269851             -5.873279862188819             0.05648955728984234            4.929934936237756              523.4809660585597         -1483.506134622746            -5913.631992603612            3551.013359061631             4.112436252142946              -4.027575172584686             -4.792087496152905             523.4809660585597         
1805.008907877018         5362.658975528191         3718.050469416956         -6.307172273591161        -0.8514630627407199       685.0240872125141         -1754.512331789448            4337.056001046026             4891.535678099618             -5.202314104157976             -4.997154539506854             2.654619220179134              685.0240872125141         1627.684459065873             5378.382973791165             3786.380291277796             -6.313295249282823             -1.067631974932777             4.219346131855279              685.0240872125141         -800.5712072720652            -6473.914066265843            2728.2275856303               4.321694924293329              -2.89306466731731              -5.368799786293796             685.0240872125141         
758.6244235623288         5135.447158702767         4346.120743834634         -6.574354666688897        -1.945509389739974        847.0303662470542         -2563.221431699204            3459.355143764449             5237.014719378966             -4.753821095240218             -5.807186994109411             1.59936413747419               847.0303662470542         583.341740004964              5116.291088637477             4402.498751894455             -6.543197555315444             -2.158822111449487             3.365438308103352              847.0303662470542         -92.06945771972505            -6844.880086771142            1822.413434054585             4.403298929678324              -1.67633151328117              -5.785703659309711             847.0303662470542         
-314.3134976554219        4735.371135046962         4828.298014783036         -6.620686042936327        -2.974538054420231        1009.200546273496         -3287.063361648444            2465.089520299383             5407.250195835405             -4.148759897224335             -6.420065492181806             0.4952166091009715             1009.200546273496         -481.6167965440206            4682.301373992747             4871.118584943923             -6.553785903255356             -3.178400618499259             2.397687473887068              1009.200546273496         619.8677867046515             -7014.781188503003            861.8962330347089             4.35529983058855               -0.4147512560036766            -6.030752989831755             1009.200546273496         
-1377.244879090979        4175.788790007008         5147.83971065501          -6.444353148534275        -3.903495959232777        1171.456883044448         -3901.845872440016            1388.185199545246             5397.001610783624             -3.408740044550269             -6.816834186530832             -0.6202345755387879            1171.456883044448         -1530.960386539516            4090.832713481124             5175.920487431017             -6.344276343373717             -4.091667261426577             1.348771210505277              1171.456883044448         1314.002263510861             -6978.925432203782            -124.5028455730479            4.179865651408738              0.85493915948335               -6.097884216146212             1171.456883044448         
-2394.240700436153        3475.466272677354         5293.769817410656         -6.051184963312293        -4.701118470718562        1333.776508423034         -4387.500853709816            264.8058390487332             5207.279879316876             -2.559313250824987             -6.986315045226664             -1.71004790375663              1333.776508423034         -2529.247558837847            3361.63305676939              5306.361140852093             -5.921391977543525             -4.867841497166707             0.2538629702907067             1333.776508423034         1969.94727401498              -6738.752868018337            -1107.642142318837            3.882633710212984              2.096614154386128              -5.986096215235531             1333.776508423034         
-3330.889812739016        2657.982569408536         5261.023265724859         -5.454295642982319        -5.340566916991772        1496.136158227455         -4728.405070314564            -867.6194615453134            4845.0680133044               -1.629144501593799             -6.924885786940294             -2.738741911961565             1496.136158227455         -3442.692791806575            2519.174630144099             5257.81574641692              -5.299020174207108             -5.480689486128301             -0.8502605165861016            1496.136158227455         2568.485947085429             -6301.581701490321            -2058.574693367468            3.472446606431463              3.275228375146541              -5.699193557556156             1496.136158227455         
-4155.464319922417        1750.945369326581         5050.631970285276         -4.673660321856306        -5.800291369149559        1658.50868106354          -4913.824662123494            -1971.622324092234            4323.013808043492             -0.6490593144369537            -6.636360290451559             -3.673317648248467             1658.50868106354          -4240.313015901112            1591.850021796276             5031.760944962621             -4.497794728363925             -5.909384267278663             -1.926397889956541             1658.50868106354          3092.078751846309             -5680.384394987911            -2949.322313390767            2.961098320548792              4.357604573523764              -5.245622766116319             1658.50868106354          
-4839.979933636858        785.1330230494108         4669.752837058027         -3.735568783493355        -6.064752937439625        1820.850215898827         -4938.219135725204            -3010.84096338468             3659.013416758225             0.3488535557797451             -6.131747359163455             -4.48413529029653              1820.850215898827         -4894.97196822424             611.09456490235               4635.80102057663              -3.544555256583279             -6.139232483814527             -2.938076139781946             1820.850215898827         3525.313462380654             -4893.498642617281            -3753.58458961214             2.363085504097692              5.313123078837196              -4.638291150624784             1820.850215898827         
-5361.288970167188        -206.6334131006944        4131.459406640993         -2.671754769999508        -6.125068547569833        1983.112845697906         -4801.42137120599             -3951.304463475855            2875.559332060357             1.332305250212984              -5.428803430603458             -5.145842962230794             1983.112845697906         -5384.45283582603             -389.7652937846997            4083.453770702367             -2.47147326116652              -6.162318830883504             -3.850901410671309             1983.112845697906         3855.398126509944             -3964.112486907358            -4447.563997929582            1.69523909356029               6.114546339704183              -3.894249788083124             1983.112845697906         
-5701.980408493075        -1190.859162992691        3454.142355448947         -1.51809630631217         -5.979332065369615        2145.278160343878         -4508.522632277877            -4762.694263886688            1998.763826309566             2.269982721607875              -4.551193416561016             -5.638172541124813             2145.278160343878         -5692.331246510887            -1376.90178548401             3393.541207725944             -1.314743987655351             -5.977815316687221             -4.633948351739662             2145.278160343878         4072.569827734607             -2919.403301753522            -5010.757374052933            0.9761823940434491             6.738795255098625              -3.034119220153036             2145.278160343878         
-5850.821019668138        -2134.44059117606         2660.831672093996         -0.3134617719240529       -5.632592221172326        2307.340412784833         -4069.567529530979            -5419.099482914878            1057.500704892622             3.13233022557682               -3.52766406896131              -5.946289037899184             2307.340412784833         -5808.397648948267            -2317.063865081906            2589.503757520045             -0.1134216956291474            -5.591950026128975             -5.260702912529219             2307.340412784833         4170.267944308447             -1789.831245611979            -5426.377064650646            0.2259607377065453             7.1673136516418                -2.081654903273668             2307.340412784833         
-5803.065208308914        -3005.771630172027        1778.371406017413         0.9016044096443938        -5.096660886148272        2469.305265520234         -3499.14820673015             -5899.714180762222            82.46978696063763             3.892336721091242              -2.391121359437652             -6.061081677401701             2469.305265520234         -5728.944106762227            -3178.696070905559            1698.562029617779             1.091914799513386              -5.017792372899001             -5.709968807712269             2469.305265520234         4145.288991916491             -608.3358865753521            -5681.769485695741            -0.5343756422057462            7.386483480594966              -1.063258763126821             2469.305265520234         
-5560.545860834134        -3775.77919281518         836.4852329629711         2.086258007196902         -4.389693131993589        2631.189145613462         -2815.89067764189             -6189.368173112512            -894.751655664592             4.526232640402173              -1.177646239306184             -5.979308718815154             2631.189145613462         -5456.829148782946            -3932.981698081201            750.7663250736763             2.2605623197787                -4.274797176728007             -5.96659585753222              2631.189145613462         3997.872834506935             590.5078915614146             -5768.746451186303            -1.283201961355424             7.38799930745293               -0.007461518859956419          2631.189145613462         
-5131.551512833427        -4418.848334114317        -133.2245838982384        3.200732136304601         -3.535552541716107        2793.017424771097         -2041.859933830945            -6278.888891229271            -1842.638101033313            5.014082463785601              0.07451690005176419            -5.703603444003146             2793.017424771097         -5001.325978809611            -4554.769392210607            -222.0222717759671            3.353093660984781              -3.388122003338761             -6.021989515822426             2793.017424771097         3731.72325975112              1771.356355759804             -5683.828910286324            -1.998766678746326             7.169208969128972              1.055628519763261              2793.017424771097         
-4530.509484506394        -4913.618592459965        -1098.310681823935        4.207665160879449         -2.562988808202498        2954.821598622948         -1201.905595918583            -6165.309798450225            -2730.610829149909            5.340278215844528              1.325978919503702              -5.242360728014695             2954.821598622948         -4377.773898430604            -5023.363302823026            -1187.183459404433            4.332702907420141              -2.387747454068095             -5.874384258048387             2954.821598622948         3353.96794296442              2898.986004450621             -5428.410159073928            -2.659674284367094             6.73342666637004               2.094933413389557              2954.821598622948         
-3777.495904744716        -5243.640696366071        -2026.518889897802        5.073333908855392         -1.504661630737981        3116.635725460947         -322.9616289354706            -5851.940553991089            -3529.893323435588            5.493943243819272              2.537222821921691              -4.609520957246138             3116.635725460947         -3607.054694526722            -5323.165038569819            -2112.392395995769            5.166445567164926              -1.30743876935558              -5.528876033734968             3116.635725460947         2875.056449293179             3939.212405427052             -5008.838295593631            -3.245422981921887             6.090204282923688              3.079101876713899              3116.635725460947         
-2897.590462462752        -5397.887295654336        -2886.810525879207        5.768754903022312         -0.3960473893271294       3278.492641809862         566.6955200628064             -5348.307685751               -4214.327761184276            5.469255479719218              3.669621275559252              -3.824260206801091             3278.492641809862         -2714.913275312709            -5444.160594432644            -2966.654726851769            5.826332555469707              -0.1835906167361456            -4.997220000955889             3278.492641809862         2308.586573042715             4859.847312870893             -4436.406241955813            -3.737013118237219             5.255519904601793              3.977326276808215              3278.492641809862         
-1920.091100564958        -5371.11088088088         -3650.349553530136        6.270622608487366         0.7257326706017055        3440.420211944729         1438.230260619199             -4669.964922927939            -4761.151794513358            5.265693719969033              4.686461319997385              -2.910586269323594             3440.420211944729         -1731.139808008484            -5382.24556860923             -3721.301038053035            6.290245085374444              0.9460005042280007             -4.297408898753088             3440.420211944729         1671.043068773341             5631.692467732123             -3727.226364139654            -4.117627997433639             4.251817020380625              4.760298865332076              3440.420211944729         
-877.5994817504708        -5164.040377144443        -4291.437372492585        6.562063015509465         1.823127947496614         3602.438298147172         2263.07584080758              -3838.161025236491            -5151.730989503232            4.888201597077317              5.553985909356969              -1.896827835136087             3602.438298147172         -688.6265801763848            -5139.38090867344             -4350.922116902529            6.542648725234312              2.043396317886834              -3.453052392279838             3602.438298147172         981.4283990043692             6229.554359734178             -2901.957020233522            -4.373369022905004             3.107807657373946              5.401302830677296              3602.438298147172         
195.0087659689435         -4783.404169034583        -4788.371818842409        6.63318444938835          2.859381808019093         3764.556577114854         3013.803170287989             -2879.346555226407            -5372.229981499219            4.347252311699084              6.24245163885267               -0.8149976785119482            3764.556577114854         377.6838093810356             -4723.568499247283            -4834.220786158404            6.575090443356584              3.071769376614765              -2.49258236102111              3764.556577114854         260.7694639480566             6633.23908455555              -1985.348356224911            -4.493999621865242             1.857952611017609              5.877394866244914              3764.556577114854         
1261.712531690394         -4241.766210059613        -5124.203864397703        6.481413436161736         3.799731814014561         3926.773722411599         3665.019605509961             -1824.497705126146            -5414.195008883056            3.658785483588495              6.727191120917644              0.2999954227919491             3926.773722411599         1431.939991119267             -4148.635391294652            -5154.753649467913            6.386469816043955              3.996614799490755              -1.448309017695655             3926.773722411599         -468.5074195675631            6828.465932051024             -1005.581419387119            -4.47362870883353              0.5415501591557375             6.170597921255071              3926.773722411599         
2286.544244119689         -3557.16453159363         -5287.358635013084        6.111605260262107         4.612553851448332         4089.077863062266         4194.271419403617             -708.2434166437509            -5275.008215971799            2.843979572803121              6.989646214940825              1.411305396202444              4089.077863062266         2438.582885519328             -3433.818823686651            -5301.529975206529            5.983078484091934              4.786887188657643              -0.3553557588949199            4089.077863062266         -1183.322762590149            6807.619509901842             6.604110675395553             -4.311247210576504             -0.7985868666672113            6.268986517281616              4089.077863062266         
3234.797404813126         -2752.572105255456        -5272.089795410642        5.535940827434763         5.270403480755356         4251.443903020117         4582.902970611693             432.1737597612195             -4958.179917019379            1.928846364027163              7.018320237144932              2.481258869779916              4251.443903020117         3363.543677016788             -2603.175821472938            -5269.438530546434            5.378425046191599              5.416017362720504              0.7494691720793305             4251.443903020117         -1860.764103453989            6570.26677678996              1018.944769707014             -4.011041589594803             -2.117787685063123             6.167537697330006              4251.443903020117         
4073.661783734752         -1855.873158548146        -5078.970974694559        4.774247453331019         5.750680645823866         4413.710944633931         4816.743134923075             1557.295909071117             -4473.870042309076            0.9443483120063317             6.80985264042488               3.47194794564488               4413.710944633931         4174.879323397866             -1685.525809204642            -5059.719558704282            4.593501168295337              5.862563214345366              1.828085098335594              4413.710944633931         -2478.527183290544            6123.799467647767             1998.124430562233             -3.582791328147332             -3.370552264548798             5.868945689271843              4413.710944633931         
4773.903256511277         -899.2282954503737        -4715.636261179532        3.854098824330928         6.037192311678937         4575.566956051625         4887.413521462427             2627.007124215742             -3839.346201055689            -0.07433853821724951           6.370529332046729              4.347097103738502              4575.566956051625         4844.431896341953             -713.7538041646023            -4680.668762658015            3.656793771239108              6.111732256433465              2.842599777384126              4575.566956051625         -3016.077513871451            5484.090591373499             2911.257994015317             -3.042029502777951             -4.512983056537357             5.384443277974077              4575.566956051625         
5313.098726755567         84.9536650207223          -4195.479933086892        2.807165458494425         6.12168806781577          4737.002949253656         4793.04142424087              3605.336513275532             -3076.585142965288            -1.092173975736899             5.715177851891897              5.076325233358163              4737.002949253656         5350.92300573699              279.2939339897393             -4146.255010384004            2.600533789549448              6.15673305482768               3.759720332810019              4737.002949253656         -3457.111372873035            4673.026174536029             3729.9668925079               -2.407744640330646             -5.508292243887934             4.731899965308356              4737.002949253656         
5674.552807595397         1064.052922497001         -3536.7422257371          1.66863524853128          6.002613982450274         4898.064733436331         4537.362575724667             4459.907164259266             -2211.607017951193            -2.074277181821695             4.866200440837598              5.634531189484647              4898.064733436331         5678.846994880955             1260.803252835139             -3475.207639861801            1.460152868577375              5.997492156075495              4.549976234149962              4898.064733436331         -3788.87374831898             3717.464169698479             4429.676665355045             -1.701643336948955             -6.325993817711861             3.934579143120437              4898.064733436331         
5847.439881392007         2006.08863951179          -2761.795157117917        0.4761831687715108        5.684863260366884         5058.822533336934         4129.414867435189             5162.731789881248             -1273.586498287156            -2.987033431158762             3.852755148402421              6.002620601206833              5058.822533336934         5818.567998437014             2198.830125468638             -2690.288417438856            0.2732587164008664             5.640344082002401              5.188274070092193              5058.822533336934         -4002.287238225956            2648.148935525918             4990.066729329385             -0.9472011413870535            -6.942484569171889             3.019934942841681              5058.822533336934         
5826.926293080783         2880.598570683646         -1896.382965746036        -0.7311415757385529       5.179492544555067         5219.364363967907         3583.142674777377             5691.001609640518             -293.865426875565             -3.799291790101195             2.709685459691356              6.168166938240784              5219.364363967907         5766.397507451879             3063.163948106258             -1817.522623549453            -0.9214607003998262            5.097690856582518              5.654480663277884              5219.364363967907         -4092.032088200226            1498.584309920975             5395.460128586385             -0.168716106686937             -7.341407371882805             2.018359085546594              5219.364363967907         
5614.167385691245         3659.440655827837         -968.8368924907862        -1.914027517270267        4.503323593309747         5379.790961556137         2916.879826624869             6027.70596852952              695.0607079662975             -4.483473908672897             1.476233321266595              6.125823525527968              5379.790961556137         5524.551884468067             3826.106938421421             -885.4110630438526            -2.085318162775385             4.387557163319146              5.933892436636339              5379.790961556137         -4056.513197278056            303.949027638213              5635.042477606475             0.609540954120099              -7.51368251240164              0.961983021783533              5379.790961556137         
5574.016337449179         3749.479898433124         -849.0699559231296        -2.059372770160123        4.407075635911707         5399.999999685679         2825.502111092661             6055.926630148935             818.6604700011502             -4.559374111610531             1.316521422349432              6.1057580640681                5399.999999685679         5480.967488978372             3913.766216517711             -765.270917841289             -2.227850830446572             4.287319089799936              5.955331610399749              5399.999999685679         -4043.215763308177            152.0435228769776             5653.116318052224             0.7063809134616031             -7.519133985066483             0.8266531371528528             5399.999999685679         
ISS.EarthMJ2000Eq.X       ISS.EarthMJ2000Eq.Y       ISS.EarthMJ2000Eq.Z       ISS.EarthMJ2000Eq.VX      ISS.EarthMJ2000Eq.VY      ISS.EarthMJ2000Eq.VZ      ISS.ElapsedSecs           Spacecraft1.EarthMJ2000Eq.X   Spacecraft1.EarthMJ2000Eq.Y   Spacecraft1.EarthMJ2000Eq.Z   Spacecraft1.EarthMJ2000Eq.VX   Spacecraft1.EarthMJ2000Eq.VY   Spacecraft1.EarthMJ2000Eq.VZ   Spacecraft1.ElapsedSecs   Spacecraft2.EarthMJ2000Eq.X   Spacecraft2.EarthMJ2000Eq.Y   Spacecraft2.EarthMJ2000Eq.Z   Spacecraft2.EarthMJ2000Eq.VX   Spacecraft2.EarthMJ2000Eq.VY   Spacecraft2.EarthMJ2000Eq.VZ   Spacecraft2.ElapsedSecs   Spacecraft3.EarthMJ2000Eq.X   Spacecraft3.EarthMJ2000Eq.Y   Spacecraft3.EarthMJ2000Eq.Z   Spacecraft3.EarthMJ2000Eq.VX   Spacecraft3.EarthMJ2000Eq.VY   Spacecraft3.EarthMJ2000Eq.VZ   Spacecraft3.ElapsedSecs   
5574.016337449179         3749.479898433124         -849.0699559231296        -2.059372770160123        4.407075635911707         5.937986681430109         5399.999999685679         2825.502111092661             6055.926630148935             818.6604700011502             -4.559374111610531             1.316521422349432              6.1057580640681                5399.999999685679         5480.967488978372             3913.766216517711             -765.270917841289             -2.227850830446572             4.287319089799936              5.955331610399749              5399.999999685679         -4043.215763308177            152.0435228769776             5653.116318052224             0.7063809134616031             -7.519133985066483             0.8266531371528528             5399.999999685679         
